00000000000000111100000000000000
00000000000011111100000000000000
00000000001111111110000000000000
00000000001111111111000000000000
00000000111111111111100000000000
00000000111111111111110000000000
00000001111110001111110000000000
00000011111100000111110000000000
00000011111100000011111000000000
00000111111000000011111100000000
00000011111100000000111110000000
00000011111100000000011110000000
00000011111100000000011110000000
00000011111000000000011110000000
00000011111000000000011111000000
00000011111000000000011111000000
00000011111000000000001111000000
00000011111000000000011111000000
00000011111000000000011111000000
00000011111000000000011110000000
00000011111000000000011110000000
00000011111000000000011110000000
00000011111100000000111110000000
00000000111110000000111110000000
00000000111111000000111110000000
000000001111110000