00000000000001111000000000000000
00000000000011111110000000000000
00000000000111111111000000000000
00000000001111111111110000000000
00000000111111111111110000000000
00000000111111111111111000000000
00000000111111111111111000000000
00000001111111000001111000000000
00000001111111000000111100000000
00000011111111000000111110000000
00000001111111110000001111000000
00000001111111110000000111000000
00000001111111110000000111000000
00000001111011110000000111000000
00000001110001110000000011000000
00000001110000000000000111000000
00000001110000000000000111000000
00000001110000000000000111000000
00000011110000000000000111000000
00000011110000000000000111000000
00000011110000000000001111000000
00000001110000000000