00000000000001100000000000000000
00000000000011111100000000000000
00000000000011111100000000000000
00000000000011111110000000000000
00000000000011111110000000000000
00000000000011111110000000000000
00000000000011111110000000000000
00000000000011111110000000000000
00000000000011111110000000000000
00000000000111111110000000000000
00000000000111111110000000000000
00000000011111111111000000000000
00000000011111111111000000000000
00000000011111111111000000000000
00000000111111111111000000000000
00000001111100111111100000000000
00000011110000011111100000000000
000000011000000011111