00000000011110000000000000000000
00000000111111000000000000000000
00000011111111110000000000000000
00000001111111111000000000000000
00000011111111111000000000000000
00000011111111111100000000000000
00000011111000111100000000000000
00000011110000111100000000000000
00000011110000111100000000000000
00000011110000111100000000000000
00000001100000111110000000000000
00000000000001111100000000000000
00000000000001111100000000000000
00000000000001111000000000000000
00000000000111111110000000000000
00000000000111111111000000000000
00000000000111111111110000000000
000000