00000000000001111111000000000000
00000000000111111111000000000000
00000000111111111111110000000000
00000000111111111111110000000000
00000000111111111111111100000000
00000000111111100011111100000000
00000000000000000000111100000000
00000000000000000000111100000000
00000000000000000011111000000000
00000000000000000001111100000000
00000000000000000111111000000000
00000000000000001111110000000000
00000000000001111111000000000000
00000000000111111110000000000000
00000000000111111111000000000000
0000000