00000000000000000010000000000000
00000000000000000111100000000000
00000000000000011111100000000000
00000000000000011111100000000000
00000000000000111110000000000000
00000000000000111110000000000000
00000000000000111110000000000000
00000000000001111100000000000000
00000000000001111100000000000000
00000000000011111100000111100000
00000000000111111000001111000000
00000000000111111000011111000000
00000000011111000000111110000000
00000000011111000000111110000000
00000000011111000000111110000000
00000000111110000000111100000000
00000000111110000000111110000000
00000001111100000000111110000000
00000111111000000001111100000000
00