00000000000000011111100000000000
00000000000000111111110000000000
00000000000011111111110000000000
00000000000011111111111000000000
00000000000111111111111000000000
00000000001111111000000000000000
00000000011111110000000000000000
00000000011111100000000000000000
00000000011111100000000000000000
00000000011111000000000000000000
00000000111110000000000000000000
00000000111100000000000000000000
00000001111100000000000000000000
00000001111100000000000000000000
00000001111000000000000000000000
00000001111000000000000000000000
00000001111000000000000000000000
00000001110000000000000000000000
00000011110000000000000000000000
0000000111110011111