00000000001110000000000000000000
00000000011111000000000000000000
00000000011111000000000000000000
00000000001111100000000000000000
00000000011111100000000000000000
00000000011111100000000000000000
00000000011111100000000000000000
00000000111111000000000000000000
00000000111111000000000000000000
00000000111111000000000000000000
00000000111111000000000000000000
00000001111110000000000000000000
00000001111110000000000000000000
00000001111110000000000000000000
00000001111110000000000000000000
00000001111100000000000000000000
00000001111100000000000000000000
00000001111110000111110000000000
00000001111111111111111100000000
00000001111111111111111110000000
000