00000000000000000011000000000000
00000000000111111111100000000000
00000000001111111111111000000000
00000000111111111111111000000000
00000000111111111111111100000000
00000000111111111111111100000000
00000000011111100111111100000000
00000000001000000001111100000000
00000000000000000001111000000000
00000000000000000001111000000000
00000000000000000001111000000000
00000000000001100001111000000000
00000000000001111011111000000000
00000000000001111111111000000000
00000000000011111111111100000000
00000000000011111111111110000000
00000000000011111111111110000000
0000000000001