00000000000001110000000000000000
00000000000111111100010100000000
00000000001111111111111111000000
00000000001111111111111111000000
00000000011111111111111111000000
00000000011111111111111111000000
00000000011111011111111111000000
00000000011110001110001111000000
00000000011110000100011111000000
00000000011111000000111110000000
00000000011111000000111110000000
00000000001111000000111110000000
00000000001111100001111100000000
00000000001111110001111100000000
00000000000111110011111000000000
00000000000111111111111000000000
0000000000000111111110000