00000000000000000000111100000000
00000000000000000011111100000000
00000000000000000111111111000000
00000000000000111111111110000000
00000000000001111111111110000000
00000000000001111101111110000000
00000000000011111111111100000000
00000000001111111111111100000000
00000000001111110011111100000000
00000000011111100011110000000000
00000000111011000011110000000000
00000000011110000001100000000000
00000000111110000011000000000000
00000000111100000011110000000000
00000000111110000111110000000000
00000001111110011111100000000000
00000